+476.844940
+130.890839
+38.550877
+35.358292
+28.826662
+27.801781
+25.513035
+23.561111
+22.322968
+20.949657
+19.683332
+18.706915
+17.932245
+16.942886
+16.730873
+15.225347
+14.589686
+14.338834
+14.280095
+13.518687
+13.027282
+12.963094
+12.781141
+12.520641
+11.930238
+11.494067
+11.093614
+10.859905
+10.770998
+10.497014
+10.262692
+9.931263
+9.837560
+9.610959
+9.381732
+9.255447
+9.103479
+8.993739
+8.966455
+8.847310
+8.562331
+8.515547
+8.442204
+8.192098
+8.140672
+8.027679
+7.944187
+7.903096
+7.854816
+7.782498
+7.640711
+7.620744
+7.501678
+7.494186
+7.451327
+7.319489
+7.264581
+7.216864
+7.126041
+7.067097
+7.052352
+6.952373
+6.896981
+6.855913
+6.779956
+6.726112
+6.672599
+6.662208
+6.581040
+6.476104
+6.445372
+6.384911
+6.347703
+6.282063
+6.224530
+6.189731
+6.106355
+6.029859
+6.011692
+5.985076
+5.976122
+5.962707
+5.894020
+5.881261
+5.803315
+5.779746
+5.698933
+5.652047
+5.590796
+5.578207
+5.556647
+5.535961
+5.486718
+5.443843
+5.417725
+5.398265
+5.380555
+5.307849
+5.292674
+5.240938
+5.215209
+5.185612
+5.138274
+5.097287
+5.080432
+5.053488
+5.044330
+4.995029
+4.981421
+4.970098
+4.927176
+4.915228
+4.909564
+4.846453
+4.838175
+4.791312
+4.773425
+4.736610
+4.722714
+4.694885
+4.662467
+4.629092
+4.617084
+4.605208
+4.563738
+4.535166
+4.501682
+4.482600
+4.450510
+4.442171
+4.415158
+4.369898
+4.349943
+4.325513
+4.286405
+4.257123
+4.217806
+4.201850
+4.198709
+4.145140
+4.117506
+4.113794
+4.097986
+4.076086
+4.049907
+4.001844
+3.994056
+3.961608
+3.942972
+3.920040
+3.900226
+3.873457
+3.822531
+3.797954
+3.784217
+3.764349
+3.745635
+3.721183
+3.705751
+3.682772
+3.664954
+3.642084
+3.621688
+3.605818
+3.591295
+3.569808
+3.554606
+3.539002
+3.521021
+3.502259
+3.474971
+3.439241
+3.431786
+3.418363
+3.398943
+3.360032
+3.347091
+3.342094
+3.320722
+3.302052
+3.286343
+3.275996
+3.255239
+3.236368
+3.229470
+3.211621
+3.203498
+3.183158
+3.156966
+3.132990
+3.111593
+3.095259
+3.085365
+3.066564
+3.055319
+3.044044
+3.017884
+3.006773
+2.991490
+2.969696
+2.963951
+2.935875
+2.931961
+2.927585
+2.915789
+2.910818
+2.891758
+2.876096
+2.855557
+2.843857
+2.833801
+2.814042
+2.798534
+2.773494
+2.758024
+2.755433
+2.748000
+2.730412
+2.724986
+2.710658
+2.680456
+2.671145
+2.658701
+2.640175
+2.624518
+2.615048
+2.598710
+2.576488
+2.564655
+2.545880
+2.529296
+2.516851
+2.495287
+2.481062
+2.461839
+2.452834
+2.443095
+2.429760
+2.419009
+2.414466
+2.400686
+2.388191
+2.380475
+2.362668
+2.352518
+2.338834
+2.336115
+2.325521
+2.319652
+2.303145
+2.294159
+2.288206
+2.274458
+2.254266
+2.243227
+2.235117
+2.220029
+2.219367
+2.206061
+2.201207
+2.190926
+2.181122
+2.168041
+2.141446
+2.131219
+2.116393
+2.103738
+2.088617
+2.078761
+2.071097
+2.059335
+2.050167
+2.035583
+2.015423
+2.007896
+1.990053
+1.983003
+1.959466
+1.940856
+1.928382
+1.916268
+1.905512
+1.896596
+1.873753
+1.870461
+1.856257
+1.848064
+1.841404
+1.823982
+1.809630
+1.805591
+1.800272
+1.780007
+1.770716
+1.769892
+1.742619
+1.733830
+1.719452
+1.712045
+1.701677
+1.692629
+1.682899
+1.653083
+1.643691
+1.623930
+1.621770
+1.602818
+1.584375
+1.575663
+1.572494
+1.563525
+1.539816
+1.521496
+1.516057
+1.504088
+1.488061
+1.485317
+1.462045
+1.453053
+1.440957
+1.438030
+1.417843
+1.416111
+1.414806
+1.411013
+1.409445
+1.394913
+1.383375
+1.376373
+1.365691
+1.354803
+1.338995
+1.333777
+1.318087
+1.301210
+1.288073
+1.274599
+1.267232
+1.247487
+1.238122
+1.223685
+1.211600
+1.196040
+1.178278
+1.163594
+1.144865
+1.134828
+1.126485
+1.114659
+1.105525
+1.082442
+1.076325
+1.063620
+1.052391
+1.028142
+1.026442
+1.015463
+1.000915
+1.000342
+0.999703
+0.996865
+0.989053
+0.973496
+0.931914
+0.918951
+0.908347
+0.872557
+0.843503
+0.818893
+0.803927
+0.790946
+0.772040
+0.705264
+0.652745
+0.639721
+0.586986
+0.464751
+0.400944
+0.360056
+0.327331
+0.000148
+0.000074
+0.000025
+0.000008
+0.000007
+0.000004
+0.000002
+0.000001
+0.000000
+0.000000
